2.2 1
2.3 0
2.4 0
2.5 0
2.6 0
2.7 0
2.8 0
2.9 0
3.0 0
3.1 0
3.2 0
3.3 0
3.4 0
3.5 0
3.6 0
3.7 0
3.8 0
3.9 0
4.0 0
4.1 0
4.2 0
4.3 0
4.4 0
4.5 0
4.6 0
4.7 0
4.8 0
4.9 0
5.0 0
5.1 0
5.2 0
5.3 0
5.4 0
5.5 0
5.6 0
5.7 0
5.8 0
5.9 0
6.0 0
6.1 0
6.2 0
6.3 0
6.4 0
6.5 0
6.6 0
6.7 0
6.8 0
6.9 0
7.0 0
7.1 0
7.2 0
7.3 0
7.4 0
7.5 0
7.6 0
7.7 0
7.8 0
7.9 0
8.0 0
8.1 0
8.2 0
8.3 0
8.4 0
8.5 0
8.6 0
8.7 0
8.8 0
8.9 0
9.0 0
9.1 0
9.2 0
9.3 0
9.4 0
9.5 0
9.6 0
9.7 0
9.8 0
9.9 0
10.0 0
10.1 0
10.2 0
10.3 0
10.4 0
10.5 0
10.6 1
10.7 0
10.8 0
10.9 0
11.0 0
11.1 0
11.2 0
11.3 0
11.4 0
11.5 0
11.6 0
11.7 0
11.8 0
11.9 0
12.0 0
12.1 0
12.2 1
12.3 0
12.4 0
12.5 0
12.6 0
12.7 0
12.8 0
12.9 0
13.0 0
13.1 0
13.2 0
13.3 0
13.4 0
13.5 0
13.6 0
13.7 0
13.8 0
13.9 0
14.0 0
14.1 0
14.2 0
14.3 0
14.4 1
14.5 1
14.6 0
14.7 0
14.8 0
14.9 0
15.0 0
15.1 0
15.2 0
15.3 0
15.4 0
15.5 0
15.6 0
15.7 0
15.8 0
15.9 0
16.0 0
16.1 0
16.2 0
16.3 0
16.4 0
16.5 0
16.6 0
16.7 0
16.8 0
16.9 0
17.0 0
17.1 0
17.2 0
17.3 1
17.4 0
17.5 1
17.6 0
17.7 1
17.8 0
17.9 0
18.0 0
18.1 0
18.2 0
18.3 0
18.4 0
18.5 0
18.6 0
18.7 0
18.8 0
18.9 0
19.0 0
19.1 0
19.2 0
19.3 0
19.4 0
19.5 0
19.6 0
19.7 0
19.8 0
19.9 0
20.0 0
20.1 1
20.2 0
20.3 0
20.4 0
20.5 0
20.6 0
20.7 1
20.8 0
20.9 0
21.0 2
21.1 2
21.2 0
21.3 1
21.4 0
21.5 0
21.6 0
21.7 0
21.8 0
21.9 0
22.0 0
22.1 2
22.2 1
22.3 0
22.4 0
22.5 0
22.6 0
22.7 0
22.8 0
22.9 2
23.0 1
23.1 2
23.2 0
23.3 3
23.4 1
23.5 0
23.6 0
23.7 0
23.8 0
23.9 1
24.0 0
24.1 0
24.2 0
24.3 0
24.4 0
24.5 0
24.6 0
24.7 0
24.8 1
24.9 0
25.0 0
25.1 1
25.2 1
25.3 1
25.4 1
25.5 0
25.6 0
25.7 0
25.8 1
25.9 0
26.0 1
26.1 0
26.2 0
26.3 0
26.4 2
26.5 2
26.6 0
26.7 0
26.8 1
26.9 0
27.0 0
27.1 1
27.2 0
27.3 0
27.4 1
27.5 2
27.6 2
27.7 0
27.8 1
27.9 4
28.0 0
28.1 1
28.2 2
28.3 0
28.4 0
28.5 0
28.6 0
28.7 1
28.8 1
28.9 0
29.0 1
29.1 0
29.2 1
29.3 0
29.4 1
29.5 1
29.6 0
29.7 0
29.8 3
29.9 0
30.0 0
30.1 0
30.2 0
30.3 0
30.4 2
30.5 0
30.6 0
30.7 0
30.8 0
30.9 0
31.0 0
31.1 1
31.2 0
31.3 0
31.4 1
31.5 2
31.6 0
31.7 2
31.8 2
31.9 0
32.0 1
32.1 1
32.2 1
32.3 0
32.4 0
32.5 0
32.6 0
32.7 0
32.8 0
32.9 0
33.0 3
33.1 1
33.2 1
33.3 1
33.4 1
33.5 0
33.6 1
33.7 1
33.8 1
33.9 1
34.0 0
34.1 0
34.2 0
34.3 0
34.4 0
34.5 1
34.6 1
34.7 0
34.8 2
34.9 1
35.0 2
35.1 0
35.2 0
35.3 0
35.4 1
35.5 1
35.6 2
35.7 2
35.8 0
35.9 1
36.0 1
36.1 1
36.2 1
36.3 1
36.4 1
36.5 3
36.6 0
36.7 1
36.8 0
36.9 1
37.0 3
37.1 0
37.2 0
37.3 1
37.4 0
37.5 1
37.6 0
37.7 1
37.8 0
37.9 2
38.0 0
38.1 0
38.2 0
38.3 1
38.4 4
38.5 0
38.6 0
38.7 1
38.8 2
38.9 1
39.0 3
39.1 1
39.2 0
39.3 2
39.4 0
39.5 0
39.6 1
39.7 0
39.8 0
39.9 0
40.0 1
40.1 3
40.2 1
40.3 1
40.4 1
40.5 1
40.6 1
40.7 0
40.8 0
40.9 0
41.0 0
41.1 2
41.2 1
41.3 0
41.4 0
41.5 1
41.6 2
41.7 0
41.8 1
41.9 1
42.0 0
42.1 2
42.2 1
42.3 1
42.4 0
42.5 0
42.6 1
42.7 0
42.8 1
42.9 3
43.0 1
43.1 1
43.2 1
43.3 0
43.4 1
43.5 1
43.6 0
43.7 0
43.8 2
43.9 1
44.0 0
44.1 1
44.2 3
44.3 0
44.4 1
44.5 1
44.6 2
44.7 1
44.8 1
44.9 0
45.0 0
45.1 0
45.2 1
45.3 2
45.4 2
45.5 0
45.6 0
45.7 0
45.8 0
45.9 2
46.0 0
46.1 0
46.2 1
46.3 0
46.4 2
46.5 0
46.6 2
46.7 1
46.8 2
46.9 0
47.0 1
47.1 4
47.2 2
47.3 0
47.4 0
47.5 2
47.6 2
47.7 4
47.8 3
47.9 0
48.0 0
48.1 4
48.2 1
48.3 1
48.4 4
48.5 1
48.6 2
48.7 2
48.8 2
48.9 1
49.0 0
49.1 1
49.2 2
49.3 0
49.4 2
49.5 0
49.6 0
49.7 0
49.8 0
49.9 0
50.0 3
50.1 1
50.2 1
50.3 1
50.4 1
50.5 2
50.6 2
50.7 1
50.8 1
50.9 2
51.0 0
51.1 1
51.2 0
51.3 0
51.4 2
51.5 2
51.6 1
51.7 0
51.8 1
51.9 1
52.0 0
52.1 1
52.2 1
52.3 0
52.4 0
52.5 2
52.6 2
52.7 2
52.8 2
52.9 0
53.0 2
53.1 1
53.2 3
53.3 4
53.4 0
53.5 0
53.6 1
53.7 2
53.8 2
53.9 0
54.0 2
54.1 0
54.2 2
54.3 0
54.4 0
54.5 2
54.6 0
54.7 2
54.8 0
54.9 2
55.0 0
55.1 0
55.2 0
55.3 1
55.4 0
55.5 2
55.6 2
55.7 2
55.8 1
55.9 3
56.0 2
56.1 0
56.2 3
56.3 1
56.4 0
56.5 2
56.6 2
56.7 2
56.8 1
56.9 2
57.0 1
57.1 1
57.2 0
57.3 0
57.4 3
57.5 3
57.6 1
57.7 0
57.8 1
57.9 0
58.0 0
58.1 2
58.2 1
58.3 0
58.4 0
58.5 0
58.6 1
58.7 0
58.8 2
58.9 2
59.0 1
59.1 3
59.2 0
59.3 1
59.4 2
59.5 6
59.6 1
59.7 3
59.8 1
59.9 0
60.0 0
60.1 1
60.2 0
60.3 1
60.4 2
60.5 0
60.6 1
60.7 1
60.8 1
60.9 0
61.0 1
61.1 0
61.2 1
61.3 1
61.4 0
61.5 1
61.6 2
61.7 2
61.8 0
61.9 3
62.0 1
62.1 2
62.2 0
62.3 1
62.4 2
62.5 0
62.6 0
62.7 2
62.8 2
62.9 0
63.0 0
63.1 1
63.2 1
63.3 1
63.4 1
63.5 0
63.6 1
63.7 2
63.8 1
63.9 2
64.0 0
64.1 1
64.2 1
64.3 2
64.4 0
64.5 0
64.6 1
64.7 0
64.8 0
64.9 0
65.0 0
65.1 0
65.2 3
65.3 0
65.4 0
65.5 0
65.6 0
65.7 1
65.8 0
65.9 0
66.0 0
66.1 0
66.2 0
66.3 1
66.4 0
66.5 1
66.6 0
66.7 0
66.8 1
66.9 2
67.0 0
67.1 0
67.2 2
67.3 0
67.4 0
67.5 1
67.6 1
67.7 2
67.8 0
67.9 1
68.0 1
68.1 0
68.2 1
68.3 0
68.4 0
68.5 0
68.6 0
68.7 0
68.8 0
68.9 0
69.0 2
69.1 0
69.2 1
69.3 3
69.4 1
69.5 0
69.6 1
69.7 0
69.8 1
69.9 2
70.0 0
70.1 2
70.2 0
70.3 1
70.4 1
70.5 3
70.6 0
70.7 0
70.8 0
70.9 1
71.0 1
71.1 0
71.2 0
71.3 0
71.4 0
71.5 0
71.6 0
71.7 1
71.8 0
71.9 1
72.0 2
72.1 1
72.2 1
72.3 1
72.4 0
72.5 0
72.6 0
72.7 0
72.8 0
72.9 1
73.0 0
73.1 0
73.2 0
73.3 0
73.4 0
73.5 0
73.6 0
73.7 1
73.8 1
73.9 1
74.0 1
74.1 1
74.2 0
74.3 0
74.4 1
74.5 0
74.6 0
74.7 0
74.8 0
74.9 0
75.0 0
75.1 0
75.2 0
75.3 1
75.4 0
75.5 0
75.6 0
75.7 2
75.8 0
75.9 0
76.0 0
76.1 0
76.2 0
76.3 0
76.4 0
76.5 0
76.6 0
76.7 0
76.8 0
76.9 1
77.0 0
77.1 0
77.2 0
77.3 0
77.4 0
77.5 0
77.6 0
77.7 1
77.8 0
77.9 0
78.0 0
78.1 0
78.2 0
78.3 0
78.4 0
78.5 0
78.6 0
78.7 2
78.8 0
78.9 0
79.0 0
79.1 1
79.2 0
79.3 0
79.4 1
79.5 0
79.6 0
79.7 0
79.8 0
79.9 0
80.0 0
80.1 0
80.2 0
80.3 0
80.4 0
80.5 0
80.6 1
80.7 0
80.8 0
80.9 0
81.0 1
81.1 0
81.2 0
81.3 0
81.4 0
81.5 1
81.6 0
81.7 0
81.8 0
81.9 0
82.0 0
82.1 0
82.2 0
82.3 0
82.4 0
